0 269 429
1 252 443
2 119 483
3 736 788
4 250 67
5 695 773
6 537 195
7 373 51
8 176 206
9 700 152
10 34 392
11 176 434
12 669 752
13 87 247
14 748 638
15 303 71
16 793 747
17 587 314
18 156 304
19 396 760
20 325 135
21 344 487
22 66 302
23 761 287
24 749 394
25 244 570
26 502 679
27 5 7
28 616 61
29 20 349
30 570 463
31 566 524
32 532 494
33 514 304
34 380 282
35 237 639
36 284 776
37 389 705
38 306 542
39 199 352
40 660 795
41 94 245
42 413 725
43 793 225
44 793 314
45 423 29
46 393 664
47 529 41
48 563 88
49 596 769
50 265 772
51 377 110
52 468 42
53 115 792
54 732 56
55 789 377
56 215 135
57 557 397
58 685 757
59 769 710
60 163 778
61 484 795
62 300 572
63 533 256
64 72 334
65 597 753
66 55 403
67 99 425
68 767 112
69 789 623
70 502 256
71 181 591
72 492 49
73 662 391
74 183 779
75 593 440
76 381 49
77 384 476
78 376 96
79 438 87
80 73 372
81 474 517
82 28 170
83 222 179
84 531 704
85 448 586
86 529 313
87 572 774
88 454 157
89 396 678
90 370 444
91 765 475
92 728 243
93 559 195
94 672 519
95 296 687
96 201 335
97 374 192
98 233 494
99 192 785
100 482 93
101 711 590
102 708 200
103 62 706
104 185 47
105 675 206
106 48 748
107 57 21
108 489 596
109 483 340
110 250 22
111 543 79
112 284 449
113 669 71
114 405 163
115 571 327
116 2 235
117 575 734
118 129 208
119 175 455
120 345 586
121 592 259
122 518 542
123 601 393
124 773 88
125 115 339
126 568 561
127 367 474
128 54 111
129 292 284
130 370 108
131 228 505
132 710 14
133 762 510
134 349 405
135 291 216
136 794 20
137 38 618
138 488 663
139 464 634
140 734 35
141 784 485
142 14 795
143 652 563
144 203 382
145 191 709
146 213 205
147 207 267
148 515 74
149 719 594
150 619 29
151 46 442
152 464 560
153 665 38
154 393 122
155 84 333
156 682 409
157 560 717
158 50 120
159 394 511
160 720 464
161 448 517
162 210 459
163 273 128
164 267 739
165 655 639
166 736 105
167 195 209
168 112 770
169 766 699
170 670 780
171 120 582
172 604 510
173 775 655
174 117 781
175 156 2
176 791 107
177 285 353
178 732 617
179 91 125
180 212 798
181 145 296
182 432 384
183 536 97
184 333 334
185 488 590
186 474 16
187 335 8
188 360 534
189 391 688
190 718 158
191 88 640
192 342 785
193 650 540
194 776 109
195 4 422
196 784 701
197 550 177
198 622 67
199 95 238
200 91 664
201 428 194
202 435 491
203 686 377
204 99 293
205 167 211
206 591 430
207 720 124
208 448 552
209 506 794
210 681 216
211 63 575
212 661 613
213 772 126
214 687 313
215 686 379
216 398 196
217 797 763
218 314 640
219 297 667
220 447 560
221 280 572
222 557 545
223 90 699
224 425 82
225 257 543
226 20 336
227 512 524
228 278 314
229 30 500
230 327 196
231 119 333
232 794 182
233 336 158
234 486 84
235 437 531
236 370 537
237 112 271
238 124 348
239 744 97
240 102 469
241 468 752
242 541 601
243 250 176
244 551 128
245 297 374
246 137 328
247 527 264
248 499 563
249 728 13
250 457 203
251 324 324
252 398 293
253 259 657
254 463 291
255 15 402
256 9 468
257 326 720
258 792 598
259 227 80
260 509 444
261 24 265
262 266 394
263 170 432
264 718 285
265 521 270
266 792 72
267 11 660
268 585 120
269 516 229
270 731 601
271 419 49
272 360 114
273 236 675
274 408 364
275 557 432
276 234 144
277 128 399
278 286 493
279 380 72
280 29 57
281 408 485
282 422 687
283 413 485
284 22 215
285 423 303
286 563 451
287 440 260
288 149 405
289 121 781
290 210 94
291 590 116
292 612 353
293 212 334
294 152 694
295 633 565
296 662 491
297 600 404
298 456 677
299 592 444
