0 610 508
1 359 125
2 442 354
3 347 462
4 620 493
5 243 506
6 611 705
7 461 84
8 159 630
9 587 364
10 532 140
11 575 661
12 49 396
13 578 17
14 574 189
15 292 156
16 798 32
17 221 690
18 20 104
19 2 382
20 194 377
21 724 640
22 301 572
23 402 665
24 796 796
25 14 214
26 703 544
27 125 247
28 269 389
29 712 603
30 613 311
31 672 522
32 790 397
33 494 126
34 186 382
35 520 15
36 605 419
37 320 730
38 476 779
39 439 397
40 104 309
41 334 657
42 169 621
43 381 21
44 799 294
45 700 595
46 740 688
47 542 353
48 366 471
49 414 22
50 176 696
51 786 406
52 160 320
53 124 796
54 115 386
55 224 132
56 452 789
57 655 434
58 116 264
59 417 162
60 268 35
61 322 109
62 318 699
63 707 404
64 361 625
65 81 620
66 474 585
67 323 423
68 336 98
69 588 315
70 120 246
71 657 17
72 471 495
73 309 364
74 6 644
75 79 563
76 407 47
77 765 221
78 214 301
79 722 440
80 139 369
81 394 22
82 124 389
83 415 789
84 496 638
85 116 9
86 110 218
87 526 265
88 675 281
89 355 114
90 322 341
91 170 220
92 261 576
93 434 23
94 690 793
95 239 769
96 250 298
97 175 71
98 59 737
99 106 85
100 260 168
101 472 380
102 312 35
103 28 639
104 588 422
105 254 154
106 203 80
107 759 368
108 250 328
109 325 176
110 53 531
111 158 482
112 151 47
113 354 595
114 569 80
115 233 123
116 434 660
117 539 519
118 380 708
119 94 264
120 247 457
121 298 216
122 679 649
123 57 740
124 345 701
125 282 442
126 227 208
127 388 400
128 264 246
129 200 462
130 27 422
131 191 634
132 91 86
133 514 254
134 541 305
135 345 760
136 328 696
137 235 222
138 281 658
139 20 395
140 326 337
141 212 139
142 160 387
143 36 639
144 689 753
145 388 77
146 421 344
147 240 231
148 550 129
149 433 182
150 479 639
151 239 163
152 546 421
153 132 577
154 548 321
155 524 59
156 294 537
157 665 118
158 271 1
159 291 194
160 757 725
161 28 738
162 219 249
163 737 630
164 532 651
165 44 225
166 358 642
167 166 188
168 393 645
169 187 726
170 174 458
171 358 454
172 157 649
173 171 559
174 310 413
175 515 462
176 153 663
177 50 739
178 66 190
179 564 346
180 140 519
181 662 437
182 566 652
183 482 568
184 2 76
185 82 176
186 634 640
187 389 96
188 78 373
189 783 138
190 792 235
191 682 407
192 1 713
193 747 675
194 348 186
195 784 8
196 367 584
197 661 581
198 499 83
199 165 106
