0 280 197
1 399 534
2 140 239
3 137 535
4 279 347
5 252 760
6 58 775
7 687 23
8 257 79
9 53 96
10 174 16
11 457 252
12 101 303
13 107 103
14 628 786
15 305 574
16 540 331
17 300 23
18 384 309
19 761 235
20 73 535
21 256 590
22 691 678
23 556 512
24 408 168
25 263 635
26 407 114
27 305 76
28 65 306
29 510 191
30 799 649
31 106 20
32 515 272
33 505 238
34 42 795
35 558 777
36 683 667
37 168 491
38 671 318
39 404 243
40 525 433
41 627 782
42 464 581
43 42 617
44 551 239
45 544 385
46 537 10
47 407 406
48 322 119
49 362 222
50 351 68
51 63 469
52 242 75
53 616 146
54 658 241
55 348 790
56 147 399
57 462 797
58 493 749
59 71 630
60 395 746
61 516 751
62 659 697
63 270 330
64 589 293
65 594 108
66 529 20
67 253 148
68 754 298
69 182 329
70 193 197
71 792 107
72 255 613
73 618 108
74 514 686
75 316 760
76 483 486
77 128 527
78 386 730
79 643 115
80 23 157
81 199 124
82 310 112
83 222 713
84 606 636
85 229 402
86 638 380
87 730 505
88 644 600
89 700 30
90 548 492
91 574 337
92 609 584
93 583 67
94 539 528
95 9 437
96 437 612
97 795 178
98 545 538
99 54 473
