0 271 430
1 270 606
2 390 200
3 253 111
4 756 549
5 333 231
6 738 270
7 521 508
8 316 290
9 548 103
10 415 26
11 366 764
12 64 493
13 626 117
14 182 47
15 655 743
16 613 724
17 81 117
18 136 595
19 651 355
20 26 709
21 20 35
22 737 589
23 795 587
24 760 721
25 392 488
26 152 615
27 496 12
28 386 299
29 596 162
30 683 556
31 695 418
32 36 263
33 378 544
34 5 714
35 22 223
36 630 699
37 86 771
38 602 753
39 494 676
40 568 640
41 635 95
42 423 530
43 761 198
44 469 785
45 475 119
46 628 129
47 618 74
48 386 202
49 733 547
50 403 307
51 626 168
52 445 138
53 262 717
54 608 352
55 502 683
56 272 49
57 531 303
58 256 769
59 92 686
60 525 290
61 26 662
62 100 786
63 285 160
64 497 417
65 750 258
66 709 529
67 689 289
68 739 726
69 122 611
70 39 317
71 584 450
72 627 552
73 34 797
74 760 23
75 717 136
76 765 227
77 711 612
78 47 35
79 771 714
80 485 594
81 673 256
82 719 776
83 297 590
84 795 516
85 260 266
86 35 427
87 600 111
88 118 490
89 30 556
90 449 536
91 577 185
92 410 343
93 436 165
94 521 505
95 369 75
96 148 30
97 170 130
98 101 699
99 110 339
100 474 23
101 794 198
102 616 496
103 248 149
104 141 123
105 665 578
106 401 8
107 747 420
108 632 67
109 151 284
110 775 598
111 217 71
112 304 588
113 93 236
114 507 720
115 403 501
116 339 468
117 718 666
118 715 687
119 446 56
120 715 638
121 72 321
122 411 490
123 191 558
124 234 170
125 738 655
126 155 287
127 50 322
128 621 605
129 141 514
130 134 106
131 76 183
132 667 511
133 437 299
134 638 331
135 382 125
136 229 343
137 191 430
138 147 228
139 114 729
140 325 17
141 362 576
142 603 760
143 141 673
144 0 216
145 80 583
146 120 141
147 749 349
148 710 315
149 195 317
150 215 682
151 587 455
152 718 395
153 178 685
154 749 601
155 760 363
156 125 411
157 771 180
158 506 422
159 193 679
160 285 255
161 120 193
162 263 381
163 460 300
164 519 301
165 684 404
166 649 655
167 665 346
168 316 574
169 21 66
170 669 301
171 355 231
172 197 45
173 385 47
174 204 203
175 767 761
176 184 502
177 795 82
178 486 30
179 698 6
180 52 184
181 4 660
182 296 158
183 573 91
184 97 307
185 188 304
186 24 676
187 74 530
188 594 202
189 760 372
190 197 652
191 157 345
192 164 194
193 11 703
194 425 20
195 13 785
196 734 1
197 95 160
198 40 315
199 42 12
