0 695 528
1 571 320
2 510 785
3 624 578
4 743 34
5 775 229
6 650 471
7 355 738
8 28 206
9 790 214
10 218 756
11 509 26
12 340 513
13 183 656
14 345 479
15 33 697
16 634 72
17 47 163
18 94 685
19 104 384
20 34 19
21 639 146
22 202 567
23 169 130
24 201 210
25 64 655
26 201 472
27 51 100
28 23 123
29 135 163
30 46 268
31 559 509
32 350 769
33 99 67
34 633 370
35 192 311
36 602 254
37 284 539
38 178 747
39 164 683
40 80 458
41 788 231
42 684 728
43 658 72
44 401 448
45 103 468
46 229 222
47 507 269
48 182 0
49 780 163
50 578 37
51 618 746
52 547 199
53 371 678
54 149 756
55 70 643
56 741 280
57 742 577
58 600 183
59 301 684
60 758 438
61 362 265
62 785 153
63 664 365
64 533 423
65 125 584
66 366 585
67 316 318
68 593 658
69 183 214
70 136 505
71 164 716
72 61 1
73 331 97
74 97 249
75 57 690
76 442 95
77 356 774
78 295 32
79 92 256
80 242 219
81 330 437
82 593 771
83 744 631
84 216 771
85 92 272
86 126 156
87 18 523
88 490 457
89 22 107
90 251 132
91 779 703
92 465 289
93 458 365
94 347 472
95 730 268
96 126 512
97 232 750
98 510 471
99 643 409
100 588 670
101 471 151
102 44 513
103 229 323
104 258 468
105 731 324
106 377 761
107 341 439
108 47 479
109 175 388
110 673 580
111 69 787
112 782 474
113 778 247
114 746 264
115 545 776
116 482 551
117 604 303
118 518 333
119 206 58
120 440 39
121 431 463
122 656 190
123 108 477
124 233 124
125 40 718
126 556 649
127 147 377
128 759 270
129 4 405
130 201 666
131 790 775
132 684 418
133 157 540
134 320 707
135 36 82
136 256 36
137 453 496
138 659 407
139 580 119
140 690 574
141 712 208
142 561 714
143 470 164
144 651 574
145 651 363
146 270 82
147 182 92
148 352 116
149 561 3
150 45 456
151 218 656
152 270 80
153 274 396
154 216 295
155 177 7
156 670 712
157 483 301
158 515 108
159 323 663
160 96 431
161 787 221
162 238 212
163 469 521
164 145 415
165 169 102
166 258 640
167 516 376
168 343 208
169 681 198
170 752 339
171 518 306
172 577 413
173 270 297
174 279 178
175 558 693
176 201 646
177 207 271
178 93 771
179 775 210
180 403 776
181 411 44
182 594 46
183 373 174
184 717 646
185 30 66
186 530 222
187 569 27
188 175 547
189 60 392
190 673 449
191 523 387
192 442 293
193 627 38
194 174 579
195 767 29
196 475 403
197 411 662
198 306 631
199 419 181
