0 474 451
1 606 591
2 562 265
3 550 114
4 140 575
5 189 95
6 548 760
7 17 317
8 111 272
9 564 180
10 406 96
11 772 585
12 77 621
13 309 5
14 180 347
15 509 628
16 714 415
17 155 201
18 297 243
19 133 638
20 354 98
21 397 696
22 502 195
23 112 778
24 654 578
25 91 560
26 599 89
27 634 604
28 477 255
29 318 526
30 227 503
31 137 635
32 733 297
33 57 624
34 394 77
35 79 464
36 625 707
37 124 793
38 534 608
39 295 389
40 537 259
41 605 397
42 556 262
43 53 199
44 751 208
45 319 16
46 170 775
47 8 36
48 550 675
49 236 490
50 456 125
51 121 749
52 587 70
53 28 773
54 761 148
55 587 213
56 710 663
57 14 685
58 585 746
59 715 271
60 183 293
61 620 526
62 510 47
63 78 211
64 763 561
65 9 90
66 376 518
67 471 57
68 357 302
69 195 96
70 466 706
71 496 27
72 327 770
73 227 789
74 97 329
75 781 471
76 233 642
77 217 654
78 305 276
79 239 651
80 750 217
81 706 35
82 493 556
83 124 439
84 148 769
85 132 462
86 694 622
87 201 222
88 561 7
89 654 457
90 712 520
91 82 100
92 536 299
93 59 243
94 186 569
95 382 48
96 436 381
97 685 427
98 444 404
99 605 235
