0 508 453
1 591 548
2 250 177
3 43 53
4 266 305
5 708 625
6 28 10
7 652 406
8 774 507
9 719 36
10 714 398
11 701 548
12 83 283
13 95 78
14 382 794
15 203 284
16 470 2
17 147 489
18 87 515
19 407 4
20 308 220
21 571 87
22 21 730
23 307 399
24 152 751
25 794 423
26 695 170
27 290 85
28 362 664
29 582 753
30 547 630
31 124 766
32 472 82
33 710 758
34 286 190
35 615 598
36 240 623
37 723 355
38 47 408
39 767 279
40 579 30
41 183 460
42 384 152
43 494 292
44 260 134
45 688 339
46 220 394
47 724 329
48 71 199
49 685 32
50 178 404
51 223 734
52 674 413
53 175 231
54 400 791
55 116 483
56 302 318
57 73 743
58 584 461
59 740 579
60 646 664
61 192 103
62 142 361
63 791 787
64 358 342
65 204 473
66 727 668
67 68 753
68 173 794
69 628 345
70 26 748
71 374 231
72 603 1
73 789 333
74 19 28
75 712 679
76 595 68
77 796 195
78 155 40
79 297 142
80 281 435
81 710 183
82 112 327
83 697 610
84 309 377
85 295 716
86 787 169
87 137 502
88 142 701
89 607 624
90 292 697
91 575 387
92 176 253
93 326 442
94 776 634
95 463 366
96 6 754
97 289 333
98 483 747
99 226 487
100 671 688
101 682 84
102 606 69
103 18 37
104 12 676
105 651 453
106 641 217
107 139 748
108 384 54
109 355 385
110 665 84
111 332 776
112 494 551
113 127 79
114 659 444
115 291 369
116 78 81
117 193 358
118 446 49
119 116 680
120 345 332
121 765 225
122 45 591
123 242 374
124 615 196
125 246 330
126 338 9
127 164 688
128 440 229
129 101 754
130 356 109
131 97 599
132 519 338
133 402 468
134 345 355
135 308 722
136 56 615
137 312 599
138 460 303
139 24 756
140 747 220
141 453 491
142 248 781
143 412 634
144 741 738
145 791 264
146 442 786
147 543 203
148 46 709
149 447 660
150 562 47
151 468 120
152 397 618
153 737 251
154 226 494
155 319 699
156 366 144
157 18 438
158 397 405
159 790 409
160 508 113
161 568 743
162 441 192
163 705 354
164 70 223
165 429 569
166 205 712
167 346 301
168 221 105
169 732 577
170 595 288
171 77 510
172 692 501
173 482 1
174 278 372
175 728 514
176 287 325
177 749 258
178 549 394
179 748 431
180 340 724
181 256 182
182 590 450
183 681 39
184 780 56
185 781 30
186 771 760
187 421 467
188 450 351
189 216 479
190 87 222
191 198 297
192 722 51
193 506 236
194 450 68
195 387 391
196 251 504
197 380 66
198 56 690
199 230 119
200 61 234
201 87 516
202 182 522
203 620 12
204 699 610
205 218 36
206 757 584
207 642 577
208 314 624
209 291 252
210 660 131
211 426 30
212 351 607
213 420 590
214 113 683
215 468 628
216 533 373
217 767 681
218 16 714
219 5 509
220 548 626
221 170 325
222 594 517
223 370 223
224 314 622
225 76 3
226 543 634
227 357 392
228 582 445
229 93 143
230 412 130
231 215 80
232 215 332
233 73 96
234 629 717
235 148 508
236 129 354
237 45 532
238 500 138
239 698 566
240 503 386
241 600 214
242 135 798
243 281 536
244 529 485
245 171 186
246 733 233
247 83 64
248 200 418
249 345 733
250 521 199
251 285 218
252 309 136
253 583 711
254 317 746
255 380 316
256 53 320
257 492 298
258 720 450
259 233 194
260 263 429
261 210 194
262 344 279
263 493 440
264 267 333
265 627 52
266 688 107
267 356 110
268 420 726
269 156 81
270 755 26
271 350 355
272 247 572
273 236 561
274 766 59
275 537 444
276 650 39
277 181 794
278 49 94
279 264 139
280 133 287
281 218 409
282 238 45
283 526 650
284 211 226
285 303 166
286 184 13
287 35 639
288 769 553
289 316 289
290 725 60
291 717 600
292 414 745
293 442 536
294 588 146
295 776 526
296 153 333
297 51 289
298 39 225
299 286 579
300 774 510
301 613 698
302 722 535
303 655 389
304 184 285
305 512 173
306 633 89
307 778 43
308 328 677
309 163 464
310 461 103
311 209 756
312 204 171
313 34 766
314 512 156
315 281 781
316 544 703
317 674 609
318 227 397
319 167 617
320 416 171
321 379 202
322 623 359
323 499 264
324 587 176
325 629 756
326 600 594
327 648 402
328 673 525
329 75 262
330 635 690
331 770 219
332 326 26
333 170 591
334 689 610
335 78 158
336 156 166
337 50 362
338 537 377
339 300 388
340 428 446
341 307 282
342 786 775
343 656 28
344 29 327
345 785 460
346 125 214
347 156 738
348 795 769
349 129 697
350 127 267
351 648 634
352 753 772
353 553 450
354 668 35
355 314 467
356 526 675
357 131 532
358 29 536
359 781 614
360 388 141
361 697 708
362 618 668
363 750 725
364 260 777
365 298 498
366 432 251
367 697 14
368 66 503
369 36 743
370 380 250
371 384 200
372 790 435
373 711 344
374 30 252
375 132 99
376 569 787
377 72 66
378 167 665
379 121 681
380 164 389
381 458 494
382 522 486
383 358 433
384 276 756
385 710 716
386 414 466
387 418 184
388 264 322
389 708 409
390 89 228
391 408 71
392 352 653
393 63 155
394 438 576
395 355 658
396 352 171
397 197 129
398 432 641
399 754 117
400 298 47
401 148 389
402 324 541
403 773 279
404 615 676
405 30 395
406 435 614
407 141 168
408 318 654
409 229 353
410 60 69
411 207 4
412 667 654
413 639 447
414 422 159
415 225 47
416 649 28
417 402 710
418 756 434
419 427 792
420 152 12
421 88 514
422 270 406
423 7 376
424 535 492
425 796 682
426 478 765
427 34 626
428 506 674
429 539 476
430 79 533
431 24 178
432 116 751
433 36 323
434 496 642
435 762 16
436 574 656
437 792 83
438 175 518
439 363 140
440 782 249
441 265 41
442 510 603
443 190 49
444 672 762
445 126 429
446 81 342
447 762 275
448 240 348
449 557 465
450 158 291
451 662 50
452 125 354
453 32 176
454 635 205
455 60 631
456 232 330
457 688 146
458 66 212
459 265 20
460 178 779
461 300 292
462 687 694
463 75 230
464 449 759
465 627 546
466 160 9
467 65 436
468 411 696
469 469 463
470 468 668
471 510 366
472 296 116
473 565 249
474 492 91
475 102 528
476 691 362
477 297 439
478 557 490
479 687 478
480 586 19
481 24 428
482 476 358
483 161 584
484 569 484
485 58 387
486 191 457
487 758 485
488 51 521
489 668 274
490 226 165
491 570 729
492 136 521
493 793 569
494 111 613
495 395 752
496 463 614
497 577 610
498 468 721
499 217 194
