0 499 143
1 106 211
2 299 673
3 260 713
4 744 382
5 517 663
6 650 124
7 81 462
8 632 488
9 3 125
10 578 798
11 730 669
12 612 388
13 721 502
14 139 708
15 397 721
16 626 260
17 399 763
18 166 227
19 713 51
20 72 690
21 461 273
22 592 300
23 1 402
24 463 84
25 79 644
26 397 298
27 313 682
28 208 41
29 297 588
30 510 96
31 295 479
32 538 266
33 4 652
34 778 397
35 210 96
36 793 524
37 374 496
38 633 649
39 790 710
40 288 187
41 365 780
42 755 71
43 158 660
44 384 702
45 773 737
46 581 115
47 360 470
48 430 599
49 364 665
50 251 627
51 260 132
52 768 545
53 613 584
54 71 40
55 405 701
56 496 658
57 545 555
58 152 107
59 173 174
60 599 504
61 647 362
62 387 178
63 757 779
64 723 574
65 588 151
66 318 394
67 98 18
68 417 678
69 219 429
70 319 188
71 768 77
72 162 77
73 783 787
74 224 778
75 11 269
76 250 43
77 435 569
78 734 208
79 368 113
80 748 402
81 584 440
82 533 421
83 81 607
84 735 141
85 639 436
86 645 57
87 701 103
88 603 736
89 794 58
90 176 55
91 251 453
92 140 460
93 655 164
94 792 770
95 32 221
96 669 745
97 644 497
98 581 473
99 595 95
100 62 619
101 723 687
102 253 404
103 688 2
104 479 767
105 263 467
106 682 326
107 33 234
108 434 589
109 477 477
110 759 731
111 6 419
112 172 693
113 68 503
114 690 569
115 238 709
116 611 212
117 477 500
118 203 736
119 731 592
120 721 670
121 122 51
122 211 523
123 642 527
124 143 194
125 514 570
126 702 79
127 232 439
128 698 779
129 75 189
130 609 217
131 389 198
132 658 795
133 415 22
134 116 274
135 292 134
136 181 528
137 343 524
138 272 763
139 545 169
140 8 673
141 194 302
142 625 115
143 521 748
144 750 31
145 543 375
146 788 526
147 445 214
148 46 534
149 29 521
150 474 253
151 174 695
152 144 139
153 642 788
154 771 746
155 738 651
156 192 477
157 449 14
158 19 58
159 429 183
160 522 645
161 2 217
162 625 139
163 664 8
164 251 24
165 541 450
166 610 501
167 798 248
168 198 257
169 510 317
170 209 107
171 585 650
172 412 233
173 162 588
174 682 217
175 121 203
176 626 497
177 792 727
178 250 484
179 220 657
180 702 532
181 417 371
182 432 559
183 599 189
184 346 264
185 368 765
186 127 402
187 475 90
188 319 571
189 523 733
190 665 227
191 304 61
192 331 791
193 391 486
194 53 110
195 749 261
196 123 320
197 239 114
198 585 702
199 733 409
