0 584 693
1 415 478
2 481 326
3 654 100
4 700 143
5 199 380
6 576 24
7 66 422
8 727 14
9 100 351
10 365 371
11 557 479
12 775 789
13 669 188
14 478 508
15 771 397
16 663 221
17 228 553
18 256 524
19 292 301
20 200 142
21 565 124
22 572 76
23 409 192
24 218 707
25 597 367
26 659 89
27 372 362
28 386 490
29 724 575
30 100 256
31 722 366
32 19 289
33 685 200
34 387 66
35 761 339
36 759 666
37 771 490
38 641 465
39 572 129
40 437 55
41 100 7
42 168 337
43 692 132
44 202 621
45 71 418
46 317 215
47 422 455
48 305 5
49 207 64
50 30 141
51 353 346
52 317 214
53 263 106
54 420 235
55 222 141
56 316 748
57 293 393
58 192 703
59 640 722
60 499 356
61 9 136
62 126 70
63 84 30
64 230 685
65 796 22
66 550 656
67 495 39
68 206 7
69 499 416
70 216 287
71 148 583
72 194 359
73 492 666
74 301 711
75 781 183
76 785 401
77 78 407
78 91 623
79 239 756
80 708 476
81 234 76
82 303 175
83 344 94
84 318 593
85 509 337
86 305 336
87 594 243
88 701 684
89 141 223
90 677 110
91 79 536
92 56 217
93 586 530
94 775 312
95 140 144
96 576 87
97 460 519
98 491 174
99 112 610
100 769 24
101 377 703
102 452 674
103 780 406
104 416 542
105 669 538
106 764 503
107 634 792
108 28 575
109 369 669
110 246 357
111 255 148
112 654 386
113 278 44
114 465 370
115 266 23
116 587 640
117 761 463
118 325 89
119 693 532
120 126 163
121 527 497
122 517 615
123 609 348
124 496 233
125 535 187
126 604 696
127 411 772
128 770 161
129 573 573
130 50 702
131 507 226
132 111 748
133 562 645
134 519 154
135 769 656
136 589 29
137 694 198
138 340 768
139 248 263
140 266 697
141 113 530
142 718 55
143 629 421
144 144 791
145 211 384
146 100 534
147 311 359
148 99 193
149 185 678
150 126 488
151 358 399
152 127 785
153 648 286
154 798 648
155 277 254
156 412 276
157 305 517
158 128 101
159 1 26
160 620 330
161 590 55
162 635 31
163 305 649
164 505 771
165 577 148
166 766 103
167 598 52
168 329 259
169 121 190
170 470 611
171 138 357
172 763 94
173 557 728
174 773 231
175 306 552
176 617 508
177 352 200
178 169 284
179 766 525
180 422 278
181 318 437
182 733 604
183 198 676
184 127 22
185 155 649
186 144 179
187 268 671
188 316 763
189 792 47
190 273 191
191 734 83
192 381 338
193 799 149
194 5 625
195 498 438
196 126 125
197 740 459
198 204 74
199 233 514
200 149 783
201 707 642
202 481 766
203 366 528
204 369 558
205 102 110
206 440 243
207 22 734
208 442 336
209 382 228
210 704 578
211 608 137
212 597 125
213 7 636
214 417 21
215 276 531
216 383 179
217 198 655
218 284 39
219 581 477
220 335 700
221 684 793
222 399 295
223 81 653
224 86 665
225 369 567
226 432 756
227 157 9
228 351 186
229 603 554
230 783 417
231 763 314
232 305 515
233 599 50
234 534 530
235 5 650
236 682 553
237 380 212
238 522 733
239 417 645
240 771 178
241 269 244
242 425 650
243 28 91
244 720 344
245 693 219
246 11 723
247 177 636
248 703 774
249 42 721
250 578 68
251 193 794
252 597 601
253 524 675
254 92 187
255 474 74
256 118 479
257 100 254
258 765 296
259 563 770
260 28 187
261 648 241
262 200 782
263 235 348
264 732 798
265 531 463
266 533 0
267 430 689
268 582 175
269 591 778
270 409 420
271 370 703
272 195 644
273 300 377
274 611 659
275 691 771
276 87 582
277 231 274
278 346 438
279 29 127
280 30 145
281 550 656
282 2 266
283 768 725
284 560 592
285 536 109
286 150 509
287 59 553
288 414 165
289 696 360
290 716 622
291 371 386
292 500 286
293 104 673
294 310 272
295 314 104
296 215 321
297 376 535
298 93 487
299 714 455
300 230 736
301 510 304
302 454 712
303 201 459
304 731 741
305 284 401
306 142 349
307 5 322
308 201 359
309 543 161
310 335 511
311 183 92
312 285 242
313 315 618
314 507 697
315 353 142
316 126 163
317 402 152
318 605 267
319 625 682
320 14 745
321 684 439
322 637 772
323 478 711
324 104 261
325 222 472
326 58 263
327 647 607
328 258 170
329 69 300
330 527 486
331 601 43
332 170 349
333 553 199
334 16 777
335 71 425
336 203 149
337 412 766
338 588 424
339 785 630
340 647 507
341 314 41
342 42 620
343 224 372
344 411 11
345 265 641
346 430 434
347 101 357
348 32 753
349 664 162
350 786 327
351 95 461
352 389 557
353 769 682
354 399 300
355 564 627
356 312 655
357 8 375
358 404 435
359 340 672
360 316 666
361 699 589
362 43 63
363 506 509
364 242 580
365 401 493
366 568 232
367 748 601
368 498 404
369 429 767
370 283 84
371 312 65
372 80 35
373 123 424
374 394 671
375 119 454
376 153 219
377 175 564
378 122 531
379 748 538
380 597 762
381 778 429
382 661 688
383 771 338
384 772 176
385 534 449
386 35 293
387 276 132
388 451 636
389 327 479
390 35 116
391 703 362
392 102 594
393 537 26
394 592 241
395 238 94
396 573 23
397 598 772
398 158 483
399 504 219
400 177 227
401 719 404
402 635 225
403 570 642
404 165 381
405 416 672
406 465 342
407 445 465
408 183 546
409 398 387
410 288 286
411 661 749
412 190 127
413 298 247
414 678 454
415 510 601
416 395 273
417 556 28
418 248 591
419 255 220
420 490 332
421 666 207
422 424 394
423 200 479
424 639 112
425 161 531
426 158 316
427 309 364
428 267 213
429 248 75
430 289 188
431 490 592
432 551 288
433 258 413
434 77 48
435 214 184
436 485 363
437 649 528
438 668 403
439 274 87
440 532 704
441 549 366
442 287 49
443 289 190
444 698 798
445 245 130
446 228 137
447 783 451
448 761 274
449 387 731
450 271 554
451 532 698
452 716 255
453 610 487
454 354 726
455 272 190
456 745 310
457 368 184
458 23 481
459 334 776
460 606 478
461 630 34
462 610 785
463 611 694
464 277 525
465 773 666
466 209 736
467 557 165
468 626 108
469 408 88
470 717 437
471 118 311
472 17 694
473 566 149
474 505 206
475 336 718
476 266 792
477 270 109
478 623 441
479 727 462
480 751 179
481 346 638
482 456 182
483 340 670
484 746 661
485 127 487
486 562 374
487 311 135
488 449 387
489 105 457
490 121 446
491 474 275
492 724 338
493 337 361
494 224 68
495 738 79
496 347 712
497 664 427
498 103 336
499 350 41
