0 514 3
1 281 307
2 256 751
3 597 24
4 492 243
5 281 265
6 594 313
7 548 328
8 663 647
9 563 544
10 450 577
11 596 726
12 359 267
13 706 351
14 689 171
15 642 74
16 620 589
17 281 638
18 620 672
19 680 254
20 797 606
21 645 265
22 40 681
23 407 703
24 734 304
25 45 476
26 644 497
27 764 713
28 475 312
29 372 712
30 331 70
31 125 653
32 236 685
33 275 237
34 241 55
35 507 142
36 209 647
37 545 61
38 51 631
39 688 159
40 501 640
41 13 575
42 569 568
43 16 38
44 269 662
45 735 73
46 374 113
47 233 700
48 248 294
49 124 709
50 387 792
51 708 267
52 446 722
53 161 76
54 329 488
55 99 78
56 402 572
57 613 461
58 694 540
59 259 691
60 17 328
61 25 646
62 516 529
63 761 156
64 770 125
65 648 361
66 695 39
67 502 281
68 757 676
69 697 345
70 605 544
71 773 111
72 134 455
73 554 202
74 365 639
75 745 307
76 666 755
77 372 707
78 490 586
79 418 655
80 222 406
81 523 287
82 480 297
83 550 732
84 237 256
85 381 615
86 387 36
87 713 166
88 616 38
89 464 409
90 468 583
91 695 619
92 285 474
93 165 132
94 157 769
95 55 315
96 642 179
97 473 9
98 561 544
99 519 89
