0 752 186
1 522 734
2 6 647
3 267 338
4 53 771
5 443 35
6 731 308
7 239 537
8 626 248
9 200 735
10 242 322
11 575 237
12 659 659
13 699 275
14 465 273
15 98 31
16 488 486
17 747 76
18 767 792
19 593 295
20 353 704
21 164 350
22 294 490
23 634 680
24 176 488
25 35 363
26 81 370
27 442 590
28 362 350
29 503 411
30 174 632
31 705 400
32 614 254
33 33 195
34 653 219
35 146 368
36 347 94
37 404 640
38 319 438
39 63 535
40 262 76
41 725 762
42 536 637
43 112 668
44 609 658
45 315 420
46 173 766
47 637 60
48 141 756
49 463 792
50 278 451
51 591 608
52 520 623
53 749 380
54 12 588
55 387 124
56 215 153
57 673 577
58 556 471
59 742 363
60 221 581
61 491 288
62 49 250
63 409 438
64 353 413
65 155 93
66 669 132
67 46 460
68 236 456
69 468 230
70 688 289
71 328 201
72 168 579
73 300 307
74 271 117
75 447 368
76 513 458
77 234 5
78 158 445
79 633 531
80 327 782
81 551 136
82 166 755
83 178 103
84 746 701
85 45 754
86 47 713
87 532 18
88 476 62
89 378 484
90 70 202
91 223 223
92 370 52
93 605 613
94 504 221
95 2 774
96 355 281
97 344 556
98 341 643
99 575 615
100 327 386
101 540 213
102 301 502
103 458 236
104 216 702
105 591 584
106 597 586
107 682 684
108 692 312
109 488 566
110 227 206
111 694 772
112 792 19
113 209 349
114 429 105
115 537 30
116 646 426
117 324 641
118 782 159
119 591 11
120 703 663
121 783 499
122 385 42
123 197 490
124 234 107
125 591 747
126 739 291
127 604 225
128 139 79
129 56 399
130 724 760
131 741 704
132 203 139
133 586 268
134 662 53
135 293 675
136 598 381
137 797 601
138 108 638
139 659 174
140 248 351
141 790 249
142 380 784
143 373 400
144 479 675
145 655 759
146 141 261
147 582 98
148 636 536
149 626 745
150 105 494
151 626 551
152 417 36
153 126 79
154 764 536
155 184 620
156 643 617
157 544 498
158 370 458
159 647 262
160 377 770
161 27 7
162 28 771
163 672 344
164 570 132
165 352 460
166 779 350
167 506 460
168 483 255
169 310 103
170 691 527
171 792 407
172 783 509
173 19 716
174 137 100
175 596 599
176 476 511
177 159 725
178 773 646
179 536 86
180 684 645
181 280 553
182 288 631
183 479 358
184 736 292
185 104 119
186 87 308
187 88 452
188 703 303
189 176 57
190 677 658
191 3 534
192 589 16
193 33 468
194 140 131
195 145 719
196 788 173
197 733 628
198 493 560
199 391 360
