0 84 645
1 387 469
2 624 353
3 428 226
4 87 509
5 72 327
6 151 345
7 482 272
8 220 25
9 124 609
10 394 565
11 161 451
12 709 573
13 439 425
14 787 589
15 112 445
16 122 297
17 95 364
18 516 213
19 231 587
20 1 340
21 47 133
22 299 251
23 50 66
24 676 400
25 244 405
26 667 484
27 526 546
28 46 651
29 234 362
30 202 404
31 202 180
32 525 105
33 355 122
34 524 741
35 551 269
36 401 780
37 64 774
38 125 556
39 56 43
40 747 302
41 181 377
42 116 729
43 418 404
44 335 387
45 265 41
46 176 501
47 29 59
48 753 282
49 467 338
50 719 707
51 336 797
52 491 90
53 221 351
54 145 65
55 88 509
56 533 615
57 261 707
58 633 70
59 513 718
60 203 732
61 407 633
62 299 227
63 11 743
64 299 303
65 371 489
66 527 548
67 742 45
68 275 658
69 236 4
70 684 622
71 661 366
72 774 526
73 615 548
74 173 224
75 303 194
76 296 743
77 56 559
78 319 435
79 25 394
80 605 381
81 328 435
82 528 796
83 460 371
84 685 518
85 433 361
86 81 263
87 181 721
88 163 759
89 479 179
90 53 315
91 463 742
92 585 666
93 240 415
94 335 346
95 234 58
96 300 567
97 149 771
98 183 95
99 423 322
100 190 525
101 654 193
102 453 447
103 538 27
104 526 406
105 81 226
106 660 715
107 454 301
108 241 713
109 164 796
110 160 650
111 68 714
112 733 625
113 350 334
114 296 161
115 667 558
116 584 664
117 361 224
118 684 396
119 521 222
120 237 289
121 258 230
122 143 67
123 760 715
124 6 614
125 183 219
126 21 248
127 777 430
128 466 288
129 71 744
130 230 277
131 76 491
132 624 733
133 37 348
134 105 321
135 773 720
136 194 265
137 693 402
138 617 377
139 585 276
140 651 391
141 269 624
142 467 216
143 30 474
144 433 55
145 213 708
146 277 785
147 30 77
148 314 368
149 519 551
150 737 241
151 148 291
152 658 196
153 239 508
154 263 128
155 764 700
156 516 288
157 555 687
158 542 542
159 647 386
160 540 714
161 683 471
162 699 296
163 340 136
164 203 579
165 210 694
166 55 114
167 504 493
168 34 293
169 466 53
170 364 683
171 534 728
172 117 516
173 20 555
174 504 30
175 71 59
176 248 334
177 461 213
178 377 13
179 339 337
180 197 45
181 746 284
182 655 278
183 86 449
184 148 97
185 740 340
186 61 656
187 731 155
188 385 136
189 652 248
190 552 588
191 484 279
192 490 215
193 192 145
194 469 21
195 95 635
196 654 639
197 755 782
198 558 786
199 305 659
200 718 683
201 681 75
202 734 353
203 751 280
204 686 478
205 151 332
206 656 347
207 96 76
208 660 792
209 167 512
210 179 693
211 796 538
212 8 591
213 721 128
214 216 730
215 15 440
216 370 631
217 35 751
218 658 51
219 694 5
220 255 61
221 762 249
222 340 65
223 384 429
224 604 581
225 646 182
226 246 191
227 749 482
228 344 529
229 585 709
230 592 514
231 658 610
232 198 698
233 152 371
234 29 346
235 435 630
236 216 534
237 248 436
238 633 560
239 519 78
240 677 722
241 289 198
242 227 8
243 152 519
244 515 184
245 350 498
246 155 574
247 127 487
248 237 40
249 363 268
250 516 682
251 651 253
252 189 287
253 341 688
254 3 286
255 219 355
256 338 373
257 349 325
258 509 708
259 383 733
260 619 152
261 725 635
262 252 578
263 26 506
264 138 275
265 608 494
266 491 343
267 738 431
268 242 140
269 438 162
270 661 765
271 702 673
272 137 95
273 477 390
274 265 167
275 6 793
276 470 101
277 784 179
278 376 2
279 519 559
280 3 626
281 380 108
282 117 245
283 348 481
284 59 208
285 510 574
286 723 34
287 469 346
288 173 550
289 613 478
290 747 261
291 563 206
292 295 244
293 501 591
294 179 753
295 745 666
296 347 86
297 546 59
298 679 472
299 380 38
