0 23 574
1 478 156
2 682 255
3 506 662
4 792 616
5 249 52
6 553 186
7 613 75
8 532 743
9 502 333
10 334 58
11 500 132
12 397 723
13 457 602
14 407 368
15 610 85
16 684 167
17 194 64
18 780 687
19 67 548
20 391 607
21 522 311
22 512 526
23 741 747
24 797 602
25 676 646
26 429 68
27 178 401
28 374 152
29 142 106
30 762 522
31 586 565
32 613 604
33 799 623
34 630 764
35 715 2
36 583 554
37 488 693
38 443 312
39 42 27
40 4 458
41 181 300
42 174 700
43 473 688
44 363 675
45 267 567
46 635 459
47 481 166
48 343 640
49 745 13
50 570 297
51 231 244
52 654 526
53 425 658
54 271 666
55 392 256
56 93 315
57 381 2
58 675 326
59 158 709
60 351 312
61 372 39
62 558 152
63 90 623
64 309 24
65 660 477
66 110 633
67 41 540
68 77 686
69 223 756
70 238 25
71 658 124
72 126 626
73 432 781
74 610 743
75 436 370
76 775 444
77 637 508
78 39 83
79 426 401
80 181 615
81 308 580
82 613 114
83 456 704
84 379 687
85 159 158
86 782 666
87 796 374
88 729 595
89 386 401
90 734 129
91 16 413
92 87 51
93 793 474
94 186 609
95 612 466
96 520 114
97 541 326
98 19 599
99 374 67
100 522 788
101 606 307
102 610 159
103 731 559
104 354 545
105 295 498
106 523 25
107 773 265
108 514 256
109 574 391
110 764 327
111 604 277
112 197 540
113 707 487
114 780 332
115 487 393
116 47 258
117 174 376
118 286 461
119 290 333
120 271 544
121 786 244
122 221 115
123 295 283
124 637 455
125 671 773
126 448 679
127 103 255
128 670 490
129 57 586
130 5 469
131 783 183
132 637 796
133 387 593
134 535 585
135 582 211
136 370 693
137 345 570
138 713 276
139 555 501
140 316 782
141 207 314
142 793 423
143 793 178
144 424 479
145 53 628
146 336 693
147 483 239
148 9 551
149 435 513
150 639 469
151 26 165
152 63 420
153 718 201
154 641 702
155 708 157
156 371 182
157 355 776
158 670 361
159 676 116
160 566 288
161 425 105
162 99 306
163 23 152
164 263 455
165 113 685
166 12 695
167 178 424
168 523 240
169 167 741
170 315 22
171 519 599
172 629 261
173 239 755
174 416 307
175 190 232
176 797 401
177 234 589
178 241 687
179 766 435
180 746 735
181 497 698
182 560 433
183 259 159
184 42 734
185 214 82
186 266 705
187 327 549
188 310 639
189 40 97
190 788 519
191 59 115
192 785 757
193 236 196
194 238 336
195 332 518
196 647 275
197 486 201
198 33 681
199 512 206
