0 57 410
1 505 367
2 262 726
3 83 630
4 413 465
5 347 63
6 326 7
7 27 681
8 232 687
9 303 541
10 414 197
11 45 363
12 555 434
13 37 98
14 741 187
15 676 524
16 332 547
17 339 740
18 286 414
19 604 373
20 387 723
21 748 80
22 547 332
23 660 457
24 728 445
25 105 687
26 62 783
27 780 294
28 6 680
29 612 227
30 362 601
31 295 739
32 347 228
33 408 712
34 246 263
35 202 113
36 21 681
37 386 565
38 769 384
39 474 540
40 741 605
41 98 314
42 414 469
43 33 649
44 239 172
45 410 386
46 274 448
47 42 599
48 168 15
49 365 208
50 657 39
51 128 128
52 534 744
53 193 323
54 387 119
55 50 438
56 147 322
57 413 723
58 228 651
59 402 680
60 618 435
61 491 755
62 287 196
63 176 796
64 216 538
65 310 623
66 115 207
67 675 724
68 588 771
69 237 589
70 14 5
71 640 587
72 582 576
73 318 557
74 628 612
75 320 663
76 699 175
77 91 491
78 760 472
79 798 6
80 687 24
81 216 185
82 544 374
83 566 579
84 249 750
85 234 295
86 37 221
87 135 719
88 226 139
89 457 477
90 432 149
91 753 266
92 453 565
93 782 29
94 222 625
95 631 169
96 560 30
97 757 195
98 509 366
99 318 735
100 769 285
101 252 486
102 364 339
103 268 182
104 778 567
105 706 694
106 606 49
107 777 532
108 430 250
109 104 158
110 695 611
111 288 665
112 544 574
113 691 513
114 525 652
115 639 733
116 522 228
117 519 638
118 711 221
119 498 52
120 387 696
121 204 557
122 33 525
123 267 43
124 600 209
125 685 641
126 166 673
127 541 490
128 4 429
129 436 293
130 532 516
131 156 689
132 598 727
133 495 65
134 283 141
135 382 61
136 561 259
137 685 693
138 317 765
139 156 577
140 583 46
141 161 762
142 463 608
143 689 431
144 253 256
145 669 453
146 342 649
147 473 335
148 683 235
149 408 485
150 747 440
151 531 292
152 88 171
153 776 546
154 695 661
155 799 76
156 353 325
157 424 126
158 695 115
159 736 702
160 658 650
161 243 181
162 120 528
163 603 11
164 107 723
165 230 126
166 731 497
167 310 287
168 28 676
169 161 41
170 434 136
171 185 190
172 744 426
173 646 512
174 321 592
175 239 361
176 741 383
177 440 648
178 349 236
179 742 473
180 666 259
181 733 479
182 496 781
183 266 416
184 224 450
185 221 317
186 786 427
187 173 172
188 65 626
189 320 149
190 753 648
191 290 357
192 732 403
193 50 242
194 137 626
195 701 396
196 702 687
197 290 156
198 652 416
199 596 316
